Layer 0____________________________________________________________
Weight: 
Shape: (3, 5)
Param: [[-1.95072594e-02 -1.33195332e-02 -4.95818890e-03 -8.78121111e-03
  -2.78149157e-03]
 [-4.23309458e-03 -1.51544186e-03 -7.04298459e-03 -8.47132122e-03
  -4.36741825e-04]
 [ 9.69475689e-01 -1.16978961e-02 -1.70187315e-02  4.98669957e-04
  -1.78061998e-02]]
Bias: 
Shape: (1, 5)
Param: [[-0.00626834  0.00889093  0.0097519  -0.01688645  0.0035165 ]]

Layer 1____________________________________________________________
Weight: 
Shape: (5, 3)
Param: [[-0.00506463  0.00424598 -0.00799564]
 [ 0.00590492  0.00805361 -0.00258244]
 [-0.00730342 -0.00129047 -0.00324056]
 [ 0.01219329 -0.00131686  0.01067566]
 [ 0.74054136  0.01217316  0.01523843]]
Bias: 
Shape: (1, 3)
Param: [[-0.00048989 -0.00570583  0.0078914 ]]

Layer 2____________________________________________________________
Weight: 
Shape: (3, 2)
Param: [[-0.00670085  0.00014702]
 [ 0.00031718  0.02356237]
 [-0.00957446 -0.00995101]]
Bias: 
Shape: (1, 2)
Param: [[-0.00944819 -0.01776198]]

